00000000000000000000000000000000000000000000000000
11111111111111111111111111111111111111111111111111
10000001000000000000000000000000000000000000000001
10000001000000000111111111111111000100000000000001
10000001000000000100000000000001001111111111000001
10000001000001000100000000000001000000000001000001
10000001000001000100000000000001000000000001000001
10000001000001000000000000000001000000000000000001
10000000000000001100000000000001011111111111000001
11111111111111111000000000000000000000000001000001
10000000000000000000000000000000000000000001110001
11011110000000000000000000000000000000000001000001
10000010000000010000000000000000000000000000000001
10010010000000010000000000000000000000000000000001
10010010000000011111111110111111111111111110000001
10010010000000010000000000000000000000000000000001
10001000000000010110000000000000000000000010000001
10000111111111110111111111111111111111111100000001
10000001000000000000000100000000100000000001010101
10010000000010000000000000100000000000100000000001
11111111111111111111111111111111111111111111111111
